1038710475
1038127074
1033554859
1033554859
1033554859
1038127074
1042086327
1043474210
1042086327
1042086327
1043474210
1042086327
1042086327
1043474210
1042086327
1042086327
1043474210
1043474210
1043474210
1043474210
1043474210
1043474210
1043474210
1042086327
1042086327
1042086327
1042086327
1038127074
1038127074
1038127074
1033554859
1002074355
1033554859
1033554859
1033554859
1038127074
1033554859
1038127074
1038127074
1038127074
1038127074
1038127074
1038127074
1033554859
1033554859
1033554859
1033554859
1033554859
1033554859
1038127074
1043474210
1043474210
1043474210
1043474210
1038127074
1002074355
1002074355
1002074355
1002074355
1002074355
1038127074
1043474210
1038127074
1038127074
1043474210
1043474210
1043474210
1043474210
1043474210
1061518269
1061518269
1081647077
1061518269
1061518269
1043474210
1043474210
1061518269
1043474210
1061518269
1043474210
1061518269
1081647077
1081647077
1081647077
1081647077
1061518269
1081647077
1081647077
1099690048
1099690048
1099690048
1099690048
1099690048
1110848363
1110848363
1110848363
1099690048
1081647077
1099690048
1099690048
1099690048
1110848363
1099690048
1099690048
1099690048
1099690048
1110848363
1110848363
1110848363
1099690048
1081647077
1081647077
1099690048
1099690048
1110848363
1110848363
1110848363
1120494574
1120494574
1120867684
1120867684
1122494160
1122494160
1122494160
1122663100
1125280323
1122663100
1122494160
1122494160
1120867684
1110848363
1110848363
1099690048
1077414597
1077414597
1077414597
1099690048
1099690048
1099690048
1077414597
1077414597
1077414597
1099690048
1099690048
1099690048
1077414597
1077414597
1099690048
1099690048
1099690048
1099690048
1077414597
1077414597
1061518269
1061518269
1043474210
1034871881
1034871881
1013191184
1013191184
1013191184
1034871881
1013191184
998497325
996306556
998497325
996306556
996306556
996306556
996306556
996306556
996306556
996306556
974378322
974378322
973572899
973572899
974378322
974378322
974378322
973572899
974378322
996306556
980643222
980643222
996306556
998497325
998497325
998497325
1013191184
998497325
998497325
1013191184
1013191184
1013191184
1013191184
998497325
998497325
1013191184
1034871881
1034871881
1034871881
1013191184
1034871881
1013191184
1034871881
1043474210
1034871881
1034871881
1061518269
1077414597
1077414597
1061518269
1034871881
1034871881
1013191184
1034871881
1013191184
1034871881
1013191184
1013191184
1013191184
998497325
996306556
980643222
980643222
974378322
980643222
980643222
996306556
996306556
980643222
980643222
980643222
974378322
974378322
980643222
980643222
996306556
996306556
980643222
980643222
974378322
974378322
974378322
974378322
973572899
973572899
974378322
973572899
973572899
974378322
974378322
980643222
988524973
980643222
974378322
974378322
974378322
974378322
973572899
973572899
973572899
974378322
974378322
980643222
974378322
974378322
980643222
988524973
996306556
996306556
988524973
996306556
988524973
988524973
980643222
980643222
980643222
980643222
980643222
980643222
980643222
974378322
973572899
973572899
974378322
980643222
980643222
988524973
988524973
988524973
997916936
997916936
997916936
997916936
997916936
997916936
1013191184
1013191184
999624246
